0
0
0
0
15
1
1
1
1
1
1
1
1
1
18
14
14
14
14
14
0
0
0
0
15
1
1
1
1
1
1
1
1
1
13
0
0
0
0
0
0
0
0
0
15
1
1
1
18
14
14
14
19
1
13
0
0
0
0
0
0
0
0
0
15
1
1
1
13
0
0
0
15
1
13
0
0
4
2
2
0
0
0
0
15
1
1
1
13
0
0
0
15
1
13
0
0
3
0
0
0
0
0
0
15
18
14
14
11
0
0
0
15
1
13
0
0
3
0
0
0
0
0
0
15
13
0
0
0
0
0
0
15
1
13
0
0
3
0
0
0
0
0
0
16
17
12
12
12
12
12
12
16
1
17
0
0
3
0
0
0
0
0
0
18
14
14
14
14
14
14
14
14
14
19
0
0
3
0
0
0
0
0
4
2
2
2
2
2
2
2
2
2
2
2
2
2
6
0
0
0
0
0
3
12
12
12
12
12
12
12
12
12
12
12
12
12
12
12
12
0
0
0
3
15
1
1
18
14
14
19
1
1
18
14
14
14
14
14
14
0
0
0
3
15
1
1
13
0
0
15
1
1
13
0
0
0
0
0
0
0
0
0
3
15
1
1
13
0
0
15
1
1
13
0
0
0
0
0
0
0
0
0
3
15
1
1
13
0
0
15
1
1
13
0
0
18
19
0
0
0
0
0
3
15
1
1
13
0
0
15
1
1
13
0
0
17
16
0
0
0
0
0
3
15
1
1
17
12
12
16
1
1
13
0
0
18
19
0
0
0
0
0
3
15
1
1
1
1
1
1
1
1
13
0
0
17
16
0
0
0
0
0
3
15
1
1
1
1
1
1
1
1
13
0
0
1
1
0
0
2
2
2
6
8
14
14
14
14
14
14
14
14
11
0
0
0
0
0
0
