0
0
0
0
0
0
0
0
0
0
0
0
0
0
0
0
0
0
0
0
0
0
0
0
0
0
0
0
0
0
0
0
0
0
0
0
0
0
0
0
0
0
0
0
0
0
0
0
0
0
0
0
0
0
0
0
0
0
0
0
0
0
0
0
0
4
2
5
15
1
1
1
1
1
0
0
0
0
0
0
0
0
0
0
0
3
0
3
15
1
1
1
1
1
0
0
0
0
0
0
0
0
0
0
0
3
0
3
15
1
1
1
1
1
1
0
0
0
0
0
0
0
0
0
0
3
0
3
15
1
1
1
1
1
1
0
0
0
0
0
0
0
0
0
0
3
0
3
15
1
1
1
1
1
14
0
0
0
0
0
2
2
2
2
2
6
0
3
15
1
1
1
1
13
4
2
2
2
2
2
0
0
0
0
0
0
0
3
15
1
1
1
1
13
3
0
0
0
0
0
0
0
0
0
0
0
0
3
1
1
1
1
1
13
3
0
0
0
0
0
0
0
0
0
0
0
0
3
15
1
1
1
1
13
3
0
0
0
0
0
0
0
0
0
0
0
0
3
15
1
18
19
1
13
3
0
0
0
0
0
0
0
0
0
0
0
0
3
15
1
17
16
1
13
3
0
0
0
0
0
0
0
0
0
0
0
0
3
15
1
1
1
1
13
3
0
0
0
0
0
0
0
0
0
0
0
0
3
15
1
1
1
1
13
3
0
0
0
0
0
0
0
0
0
0
0
0
3
8
14
14
14
14
11
3
0
0
0
0
0
0
0
0
0
0
0
0
7
2
2
2
2
2
2
6
0
0
0
0
0
0
0
0
0
0
0
0
0
0
0
0
0
0
0
0
0
0
0
0
0
0
0
0
0
0
0
0
0
0
0
0
0
0
0
0
0
0
0
0
0
